#qgen
245
0
0
0
3
3
1
3
3
1
2
2
1
1
3
1
1
1
1
3
0
2
3
1
1
2
2
3
2
1
1
0
3
3
2
3
3
1
1
0
2
2
3
3
2
2
2
0
2
2
2
2
0
1
1
1
0
3
3
2
2
0
3
2
0
3
3
0
2
3
1
2
1
3
3
2
1
2
3
3
2
0
2
3
1
0
0
3
0
3
0
3
0
3
1
2
1
0
1
0
0
1
3
3
2
0
0
0
3
1
2
1
1
3
3
3
2
2
2
3
1
3
0
0
0
3
1
3
2
3
2
1
0
3
2
0
3
3
2
0
3
3
2
1
0
1
2
1
0
3
0
3
2
3
3
0
2
0
2
0
1
2
0
1
3
0
3
3
3
3
0
1
1
1
2
2
0
3
3
0
1
1
3
0
1
0
0
2
0
0
3
1
2
1
3
1
1
3
2
0
2
3
1
3
0
3
2
1
0
3
0
1
2
1
3
1
0
3
1
3
1
2
2
2
1
1
1
2
1
0
0
3
0
1
1
2
1
1
3
2
3
2
2
2
2
1
256
1 0
1 2
3 2
4 2
4 5
6 4
7 4
8 4
7 9
10 4
7 11
4 12
4 13
4 14
7 15
4 16
17 8
18 4
19 18
20 8
7 21
4 22
23 4
3 24
25 22
25 26
27 4
9 28
28 29
30 17
31 4
4 32
33 26
4 34
35 25
2 36
37 33
38 7
39 19
30 40
41 29
7 42
43 4
41 44
45 19
40 46
4 47
17 48
38 26
4 49
49 50
24 3
17 51
52 26
4 53
18 54
55 26
56 26
57 48
25 58
59 52
4 60
28 61
45 62
63 4
4 64
48 65
4 66
27 67
19 68
64 69
7 70
40 71
4 72
73 4
74 67
75 72
76 11
26 77
38 78
79 19
26 80
41 81
48 82
63 83
48 84
85 67
7 86
87 78
51 88
48 89
90 74
60 91
92 78
93 48
94 70
95 82
96 7
78 97
28 98
39 99
100 67
46 101
102 78
74 103
104 52
105 74
106 67
72 107
108 106
109 4
91 110
53 28
111 53
112 47
113 104
108 114
115 14
4 116
117 91
74 118
119 53
104 74
120 30
41 121
11 122
120 123
124 26
125 28
126 88
53 127
128 67
53 129
104 130
49 131
25 132
48 133
9 134
108 135
136 134
137 7
122 138
122 139
77 48
51 140
39 141
142 40
143 48
144 51
48 145
29 146
147 144
148 116
130 149
41 150
7 151
147 152
153 35
44 154
29 155
156 147
157 104
116 158
159 58
160 74
8 161
162 78
163 129
75 28
52 164
165 127
120 46
33 166
106 167
88 168
169 83
153 145
170 134
171 140
44 172
173 19
47 4
41 79
174 144
175 147
176 74
177 153
144 178
179 108
180 28
4 181
99 182
140 183
184 125
171 185
52 74
139 186
187 78
19 188
189 177
190 136
152 191
45 192
189 193
88 194
141 195
196 88
74 197
114 198
199 67
200 120
134 201
74 202
203 168
108 204
53 205
206 56
207 88
163 26
208 195
209 129
28 210
107 211
212 87
192 213
214 102
154 215
216 140
211 217
191 218
136 219
171 220
152 221
222 195
163 223
224 48
225 138
226 51
227 131
51 228
229 130
230 48
211 231
219 232
233 4
102 234
235 51
70 236
237 214
238 74
239 53
240 126
241 104
242 191
243 236
244 70
