#qgen
114
2
3
0
1
3
2
1
3
0
2
3
2
2
2
0
3
2
3
1
3
1
2
0
1
3
2
1
3
0
3
1
1
2
1
3
3
1
1
3
1
2
3
3
0
1
1
1
2
1
1
1
1
0
3
0
2
3
1
0
0
0
1
3
1
0
0
0
1
1
2
1
3
1
1
0
1
1
3
2
2
1
3
1
0
3
0
3
0
0
0
3
0
0
0
3
3
2
1
3
1
0
0
0
0
0
0
0
3
3
3
2
0
2
3
128
0 1
2 1
3 1
4 2
1 5
6 4
7 5
2 8
9 2
5 10
11 5
5 12
2 13
2 14
15 3
14 16
2 17
18 5
5 7
10 19
5 20
21 10
22 12
21 23
1 24
22 25
5 26
27 14
21 28
14 29
30 25
31 15
32 14
33 11
1 34
30 19
35 30
33 36
37 25
6 38
39 21
40 11
41 30
28 42
24 43
40 44
25 45
32 46
21 47
40 48
10 36
49 32
50 22
40 51
25 52
24 53
33 45
33 43
41 54
9 55
56 46
57 37
58 33
22 59
60 50
36 61
62 40
45 63
50 30
25 64
56 65
66 45
37 67
37 68
69 23
59 69
70 29
43 71
33 72
73 40
74 33
75 37
76 9
60 45
24 77
37 78
79 77
80 50
73 81
82 55
63 83
63 84
85 33
30 39
86 5
87 28
88 63
89 56
31 3
44 22
87 90
91 83
92 82
40 66
37 93
21 33
33 94
61 95
96 67
60 97
98 31
73 23
25 44
37 99
100 79
101 38
102 73
80 103
104 20
66 105
53 106
102 107
46 108
107 109
110 30
54 111
112 29
113 5
