#qgen
239
13
12
11
14
6
8
6
13
1
6
1
7
10
1
7
5
9
0
8
5
0
4
5
5
2
12
10
0
14
0
0
0
7
0
12
5
11
11
3
7
3
11
4
1
11
11
8
6
12
13
7
15
4
1
0
1
3
11
15
6
8
5
4
15
12
3
15
0
13
8
11
12
4
11
15
0
13
14
12
12
9
5
15
9
11
4
1
1
3
15
14
3
2
3
4
10
8
7
6
13
9
7
2
7
7
1
10
9
8
3
2
11
1
3
2
13
8
5
0
8
2
14
7
2
14
3
6
3
9
7
9
8
10
3
6
14
8
7
13
12
8
3
12
0
5
12
7
0
13
2
13
9
6
2
11
1
9
15
6
1
8
15
8
8
11
12
8
0
12
14
7
5
14
15
3
11
10
14
13
6
7
15
3
14
11
0
8
15
5
6
14
7
6
15
15
9
8
15
9
15
8
13
6
3
3
6
10
13
6
3
7
5
1
6
3
8
8
10
5
2
5
0
9
15
6
3
11
6
8
5
2
5
8
8
13
14
0
3
11
256
0 1
1 2
1 3
4 1
1 0
5 0
6 1
1 7
8 0
9 8
9 10
6 11
7 12
10 13
14 1
9 15
0 8
8 16
1 17
18 9
8 19
18 20
21 10
22 9
7 23
24 11
3 5
25 7
5 26
27 23
20 28
29 12
30 11
11 6
31 8
26 32
33 9
34 26
2 1
35 10
22 36
29 37
38 22
31 39
22 40
29 41
42 10
23 43
5 1
11 44
7 45
12 29
10 46
31 47
39 48
49 20
11 50
51 46
52 31
22 53
54 50
55 21
56 53
57 20
29 58
59 9
8 60
61 50
62 55
63 9
9 33
64 32
65 58
51 66
23 67
68 36
69 29
70 50
71 7
36 72
73 69
74 10
58 75
76 18
69 77
78 53
55 79
65 11
80 50
81 24
52 82
37 83
84 55
50 85
67 86
87 9
88 58
89 75
90 77
53 91
84 92
93 89
94 1
95 79
96 69
40 97
98 40
10 99
97 100
101 52
69 102
103 100
104 72
50 105
23 106
107 55
108 103
100 109
77 110
111 67
46 10
20 112
101 113
93 114
115 80
116 77
101 117
118 39
119 53
120 94
121 100
122 46
123 89
124 101
125 20
51 126
20 57
127 76
65 128
44 14
129 115
130 119
131 8
76 132
133 50
40 134
135 117
45 136
8 137
138 77
107 139
140 22
100 141
142 97
143 117
144 40
32 26
145 100
146 78
112 87
147 55
148 39
149 115
137 150
145 151
152 130
153 31
9 154
61 155
100 156
29 157
158 39
90 159
39 160
110 161
162 119
163 77
100 164
165 154
81 166
155 167
117 168
169 100
101 170
53 171
77 172
129 173
174 77
175 167
39 158
176 145
177 56
178 76
179 107
180 29
181 61
84 182
183 67
184 72
126 185
147 179
186 99
187 155
60 188
117 189
190 100
182 191
182 192
193 177
194 170
195 80
167 196
114 197
198 167
199 92
200 147
201 52
27 202
203 26
45 204
68 205
184 206
100 108
207 119
101 208
112 209
210 167
167 211
212 156
213 28
107 214
119 215
115 216
77 217
218 167
22 219
154 220
156 221
1 94
140 222
136 223
224 94
111 225
36 226
55 227
228 182
229 188
100 230
231 200
216 232
119 233
234 44
235 191
204 236
160 237
238 77
