#qgen
64
12
2
2
3
0
6
11
1
2
8
4
4
5
6
15
12
13
5
6
3
2
7
8
5
3
14
13
7
15
13
1
15
13
4
15
5
3
7
9
0
13
15
1
13
7
1
14
10
9
0
7
5
8
12
15
1
12
13
9
7
7
10
2
7
64
0 1
1 2
1 3
1 0
4 3
4 5
6 4
7 5
6 8
9 4
6 10
5 11
10 12
13 4
14 13
1 15
16 5
15 17
4 18
19 5
6 20
15 21
22 18
23 5
24 17
25 19
26 18
17 27
4 28
29 26
30 5
25 31
13 32
18 33
34 24
12 35
36 26
6 37
38 32
24 39
24 40
28 41
41 42
20 43
44 38
43 45
46 21
13 47
48 42
49 24
24 50
51 10
52 49
13 53
54 19
55 34
56 49
57 53
6 58
52 59
45 60
61 16
39 62
1 63
