#qgen
129
13
12
8
6
2
3
10
10
1
7
2
14
5
4
2
3
10
13
2
6
11
3
1
0
2
6
1
1
12
6
8
15
8
0
5
15
11
13
0
12
5
8
15
14
15
12
14
5
4
11
0
10
8
10
10
14
2
7
15
7
6
1
1
15
3
7
2
9
15
9
12
0
5
8
9
5
1
0
0
4
13
13
11
12
4
11
7
7
10
7
13
2
7
9
15
11
7
3
11
5
6
6
6
11
14
14
4
3
15
8
1
9
5
15
1
6
8
1
14
5
9
11
3
14
1
9
7
9
5
128
0 1
0 2
3 2
4 2
2 5
6 5
4 7
8 7
0 9
7 10
11 0
8 12
13 12
12 14
11 15
16 9
17 12
18 12
19 13
15 20
12 21
21 22
23 12
24 7
20 25
20 26
27 6
20 28
20 29
20 30
20 31
32 20
20 33
34 16
20 35
36 35
37 16
38 4
39 22
20 40
20 41
36 42
12 43
20 44
45 20
46 20
36 47
20 48
20 49
22 50
14 51
37 52
21 53
54 38
55 51
12 56
57 20
58 4
48 59
12 60
24 61
20 62
55 63
64 12
65 58
20 66
67 12
20 68
69 20
4 70
59 71
64 72
66 73
12 74
75 20
29 76
58 77
78 12
79 0
80 12
81 72
20 82
83 7
84 38
85 12
7 86
87 66
58 88
11 89
58 90
91 76
92 59
93 11
64 94
95 82
0 96
12 97
12 98
99 21
100 56
101 12
20 102
103 46
12 104
105 24
97 106
107 64
108 12
109 12
110 70
111 36
12 112
113 2
114 46
73 115
20 116
58 117
42 118
119 108
120 73
121 12
96 122
123 22
20 124
59 125
126 20
20 127
128 82
