#qgen
122
9
12
12
13
13
0
7
1
8
0
2
10
1
0
9
5
15
2
2
8
11
0
4
12
8
9
9
13
4
6
9
15
9
10
12
0
0
6
13
12
0
2
10
13
14
11
1
4
10
0
2
5
4
6
11
3
0
7
10
8
15
10
7
10
6
5
6
2
9
2
12
1
0
7
13
2
4
11
8
9
13
14
0
10
14
1
3
3
9
10
15
4
11
14
8
1
3
5
6
8
3
11
15
2
13
8
8
6
10
15
11
8
13
9
10
4
8
9
10
11
12
5
128
0 1
0 2
2 3
2 4
5 2
2 6
7 2
2 8
9 2
2 10
2 11
12 1
13 2
2 14
15 10
7 16
17 12
2 18
19 11
20 1
20 21
22 2
2 23
2 24
25 14
2 26
27 11
28 24
29 24
30 2
31 27
2 32
15 33
1 34
11 35
36 2
37 2
38 36
27 39
40 36
41 17
2 42
40 43
41 44
45 15
46 36
36 46
47 2
48 46
49 19
50 6
51 46
52 39
24 53
2 54
17 41
27 55
27 56
57 2
58 18
59 44
2 60
27 57
61 11
2 62
63 47
29 64
65 18
46 66
6 67
68 11
69 2
19 70
71 10
24 2
44 72
73 69
66 74
57 75
76 69
17 77
78 69
68 79
80 70
26 81
82 69
83 17
68 84
30 85
86 27
87 1
88 2
89 31
90 44
91 27
92 36
23 93
94 70
95 66
90 96
97 89
82 98
1 20
6 99
93 100
10 71
69 101
87 102
103 94
36 104
77 105
2 106
17 87
107 59
101 108
109 48
39 110
14 111
112 16
113 70
114 48
17 115
116 81
84 117
70 118
119 103
120 116
91 121
