#qgen
62
9
12
12
13
13
0
7
1
8
0
2
10
1
0
9
5
15
2
2
8
11
0
4
12
8
9
9
13
4
6
9
15
9
10
12
0
0
6
13
12
0
2
10
13
14
11
1
4
10
0
2
5
4
6
11
3
0
7
10
8
15
10
64
0 1
0 2
2 3
2 4
5 2
2 6
7 2
2 8
9 2
2 10
2 11
12 1
13 2
2 14
15 10
7 16
17 12
2 18
19 11
20 1
20 21
22 2
2 23
2 24
25 14
2 26
27 11
28 24
29 24
30 2
31 27
2 32
15 33
1 34
11 35
36 2
37 2
38 36
27 39
40 36
41 17
2 42
40 43
41 44
45 15
46 36
36 46
47 2
48 46
49 19
50 6
51 46
52 39
24 53
2 54
17 41
27 55
27 56
57 2
58 18
59 44
2 60
27 57
61 11
