#qgen
65
7
3
7
4
3
10
9
1
14
4
13
4
2
4
2
4
5
9
3
0
13
8
15
10
0
14
8
7
12
11
2
3
6
10
14
8
5
5
9
6
9
5
0
12
3
12
1
11
13
1
14
9
13
7
2
3
7
14
8
6
5
14
7
10
0
64
1 0
1 2
0 3
0 4
5 3
3 6
7 6
8 3
4 9
10 4
4 11
11 12
11 13
14 3
15 11
5 16
17 11
14 18
19 11
5 20
16 21
22 19
15 23
24 14
23 25
26 4
27 11
14 28
6 29
30 3
23 31
32 26
33 20
29 34
35 29
36 5
4 37
38 30
16 39
19 40
41 9
35 42
11 43
0 44
3 45
45 46
11 47
32 48
35 49
48 50
49 51
52 31
48 53
54 44
19 55
56 48
57 54
54 58
29 59
11 60
3 61
62 11
62 63
64 47
