#qgen
215
6
4
13
5
14
4
14
8
5
3
4
8
11
6
10
14
2
14
9
14
12
14
3
8
13
4
2
10
15
14
6
3
6
6
10
12
13
12
11
1
15
12
1
13
0
3
9
5
1
9
7
4
1
10
5
0
14
6
14
4
4
10
12
4
14
15
11
9
0
8
10
0
13
3
12
13
7
14
2
10
1
9
13
11
6
0
7
14
2
0
4
13
2
4
7
4
2
13
2
2
9
2
13
8
9
6
0
14
13
1
0
9
14
11
11
6
7
8
0
2
8
5
5
6
10
2
1
4
3
4
15
5
14
15
7
4
7
0
5
14
3
15
10
11
8
5
7
0
11
12
15
8
7
6
13
3
11
8
10
12
5
12
6
0
4
6
9
14
12
12
13
13
0
15
11
14
7
13
3
0
7
0
7
2
12
3
9
6
3
7
10
12
8
11
6
5
2
9
3
10
9
9
10
3
10
8
10
3
1
11
12
7
14
9
10
256
1 0
2 0
3 0
4 3
5 3
6 0
7 3
3 7
3 8
9 3
6 10
11 7
9 12
13 3
8 14
9 15
6 16
3 17
6 18
13 19
14 20
16 21
22 20
23 6
17 24
25 20
26 8
12 9
27 24
28 18
8 29
30 26
31 17
30 32
17 33
33 34
35 33
36 30
3 37
8 38
39 6
24 40
41 33
42 40
43 33
44 26
45 33
46 45
47 29
43 48
40 49
3 50
51 30
52 40
24 53
7 54
55 32
40 56
57 30
58 29
59 12
60 42
15 61
41 60
40 62
63 40
40 64
65 35
27 63
66 40
43 67
33 68
69 64
33 70
29 45
44 71
72 46
73 59
45 74
6 75
76 43
77 26
6 78
72 79
62 80
81 30
82 79
83 24
63 84
40 85
86 43
87 72
88 82
89 52
43 90
43 91
92 19
93 79
94 82
42 95
40 96
43 97
68 98
33 99
77 100
98 101
102 90
67 43
103 79
104 49
45 65
40 60
70 89
49 105
32 106
107 46
83 108
109 31
110 68
90 56
63 65
20 25
111 43
112 53
85 113
89 114
100 115
116 97
69 117
89 110
118 30
102 119
120 26
121 100
24 122
123 101
98 124
125 116
126 40
65 127
52 128
129 87
130 98
80 13
24 131
132 123
64 133
134 102
94 29
18 135
43 136
92 115
33 137
88 138
29 139
140 115
141 49
142 141
96 126
129 133
143 98
115 144
145 108
116 145
98 146
147 128
98 148
149 68
150 122
151 133
147 152
43 153
154 87
155 105
46 140
156 98
157 99
128 113
158 69
159 121
128 160
147 107
72 161
6 162
56 70
162 92
134 163
123 105
164 92
88 127
98 165
49 166
77 62
167 69
88 33
24 168
59 169
170 131
171 89
70 42
118 172
173 88
174 78
98 52
45 129
126 175
174 176
168 177
105 93
140 74
133 126
178 68
41 99
179 43
72 180
181 92
182 144
52 89
183 44
76 184
185 147
186 163
145 128
187 43
188 62
189 166
190 59
172 118
128 191
164 192
171 193
194 89
78 195
196 69
197 152
123 198
99 41
151 199
116 200
133 201
202 50
85 203
41 122
88 204
205 126
206 105
207 15
99 110
208 182
56 209
17 8
210 145
43 211
145 212
213 17
100 214
