#qgen
62
6
4
13
5
14
4
14
8
5
3
4
8
11
6
10
14
2
14
9
14
12
14
3
8
13
4
2
10
15
14
6
3
6
6
10
12
13
12
11
1
15
12
1
13
0
3
9
5
1
9
7
4
1
10
5
0
14
6
14
4
4
10
64
1 0
2 0
3 0
4 3
5 3
6 0
7 3
3 7
3 8
9 3
6 10
11 7
9 12
13 3
8 14
9 15
6 16
3 17
6 18
13 19
14 20
16 21
22 20
23 6
17 24
25 20
26 8
12 9
27 24
28 18
8 29
30 26
31 17
30 32
17 33
33 34
35 33
36 30
3 37
8 38
39 6
24 40
41 33
42 40
43 33
44 26
45 33
46 45
47 29
43 48
40 49
3 50
51 30
52 40
24 53
7 54
55 32
40 56
57 30
58 29
59 12
60 42
15 61
41 60
