#qgen
225
9
0
5
4
12
11
12
1
3
15
0
15
4
7
10
9
3
3
6
2
11
0
0
2
14
0
2
3
3
8
10
9
13
0
9
5
9
5
10
9
12
2
6
8
8
15
7
2
8
9
8
15
2
13
9
7
1
2
11
0
15
0
15
3
15
5
9
8
6
15
7
13
3
4
5
4
7
14
10
13
11
0
6
7
8
0
3
11
13
3
7
1
11
8
3
15
0
8
11
7
4
15
8
0
13
6
6
11
2
9
3
2
11
3
7
14
10
14
0
14
6
8
0
12
15
12
4
11
0
14
1
13
3
14
14
9
13
15
0
9
11
10
9
15
11
8
3
11
11
7
6
6
15
2
8
5
5
8
12
1
2
3
1
3
8
11
7
13
0
11
8
14
14
4
13
8
7
4
15
2
5
1
12
13
7
7
7
14
3
12
1
2
4
1
0
14
4
8
7
10
8
6
7
15
10
14
5
6
7
7
14
13
14
15
12
11
15
14
9
12
8
14
6
15
3
256
1 0
1 2
2 3
1 4
3 2
0 1
3 5
5 6
7 5
5 8
5 9
8 10
11 8
12 5
11 13
14 13
13 15
16 13
16 17
18 11
13 19
13 20
13 21
22 13
23 16
5 24
25 14
26 21
20 27
20 28
29 12
5 30
31 26
32 20
33 8
11 18
34 19
13 35
20 36
37 16
27 38
39 28
40 36
21 41
42 36
22 43
16 44
42 20
13 45
13 46
32 47
34 48
49 27
47 50
51 11
13 52
53 50
54 34
55 53
50 38
56 18
57 13
58 40
13 59
60 50
61 48
16 62
34 63
64 61
65 47
66 52
67 38
68 20
69 49
65 70
71 11
11 72
16 73
36 74
75 18
27 74
70 76
63 77
78 58
67 79
66 80
81 64
66 82
83 34
84 63
47 85
86 53
75 87
88 18
63 89
90 63
91 78
73 92
13 93
73 94
95 48
73 96
35 97
98 64
47 99
100 27
68 101
49 87
38 102
103 15
63 104
61 66
11 105
39 106
34 107
108 92
109 20
110 108
69 111
55 112
113 78
16 108
8 114
66 115
116 34
75 117
118 35
119 17
59 120
40 121
108 122
123 109
124 16
34 125
70 126
63 90
82 52
127 38
112 128
87 129
130 50
64 131
38 87
53 132
108 133
64 134
135 36
136 128
104 63
121 137
138 59
34 139
140 135
141 60
104 142
143 34
15 144
145 140
86 47
146 74
147 47
148 34
66 149
141 58
150 59
151 11
152 128
113 153
154 49
155 113
68 156
100 157
40 158
159 109
5 160
161 13
45 34
42 153
162 158
101 163
22 164
165 63
129 166
167 13
130 168
169 82
42 170
171 138
172 79
173 80
174 63
131 175
113 176
137 177
32 178
13 167
142 179
180 172
137 181
182 23
183 127
47 137
184 131
170 185
186 170
187 133
188 178
54 22
189 178
190 177
191 132
192 16
193 63
194 92
190 27
195 32
164 12
63 196
197 182
96 198
153 199
200 63
201 55
93 201
34 201
73 202
100 203
204 182
115 66
205 60
13 206
15 207
158 100
208 142
209 196
210 80
211 94
185 212
213 102
86 190
178 188
52 214
100 215
48 216
147 217
122 218
66 219
153 220
221 201
63 222
58 141
223 152
203 128
109 215
52 224
178 152
