#qgen
249
13
12
8
6
2
3
10
10
1
7
2
14
5
4
2
3
10
13
2
6
11
3
1
0
2
6
1
1
12
6
8
15
8
0
5
15
11
13
0
12
5
8
15
14
15
12
14
5
4
11
0
10
8
10
10
14
2
7
15
7
6
1
1
15
3
7
2
9
15
9
12
0
5
8
9
5
1
0
0
4
13
13
11
12
4
11
7
7
10
7
13
2
7
9
15
11
7
3
11
5
6
6
6
11
14
14
4
3
15
8
1
9
5
15
1
6
8
1
14
5
9
11
3
14
1
9
7
9
5
11
12
6
8
4
11
5
11
2
2
4
8
0
12
10
15
10
13
5
15
0
7
9
6
7
12
7
5
10
8
3
9
14
5
15
6
7
2
2
3
11
6
4
4
11
1
11
14
8
14
12
6
7
5
12
11
1
8
4
7
9
7
11
11
10
1
11
15
6
6
2
7
3
4
11
0
8
8
1
10
2
3
8
1
8
8
9
2
13
7
2
2
0
4
13
14
2
11
5
12
2
14
13
13
9
1
8
6
6
6
2
4
10
2
9
6
6
0
3
9
256
0 1
0 2
3 2
4 2
2 5
6 5
4 7
8 7
0 9
7 10
11 0
8 12
13 12
12 14
11 15
16 9
17 12
18 12
19 13
15 20
12 21
21 22
23 12
24 7
20 25
20 26
27 6
20 28
20 29
20 30
20 31
32 20
20 33
34 16
20 35
36 35
37 16
38 4
39 22
20 40
20 41
36 42
12 43
20 44
45 20
46 20
36 47
20 48
20 49
22 50
14 51
37 52
21 53
54 38
55 51
12 56
57 20
58 4
48 59
12 60
24 61
20 62
55 63
64 12
65 58
20 66
67 12
20 68
69 20
4 70
59 71
64 72
66 73
12 74
75 20
29 76
58 77
78 12
79 0
80 12
81 72
20 82
83 7
84 38
85 12
7 86
87 66
58 88
11 89
58 90
91 76
92 59
93 11
64 94
95 82
0 96
12 97
12 98
99 21
100 56
101 12
20 102
103 46
12 104
105 24
97 106
107 64
108 12
109 12
110 70
111 36
12 112
113 2
114 46
73 115
20 116
58 117
42 118
119 108
120 73
121 12
96 122
123 22
20 124
59 125
126 20
20 127
128 82
38 129
130 74
131 20
132 69
113 133
106 134
135 82
136 20
137 97
138 21
52 139
140 119
125 141
115 142
143 142
144 133
36 65
145 89
20 146
119 147
12 148
12 149
72 150
151 20
124 152
153 119
60 154
155 41
11 156
99 157
158 155
159 60
22 160
22 161
155 162
163 12
164 10
165 96
55 166
130 167
168 147
130 169
115 170
142 171
172 104
118 173
174 133
175 166
56 176
165 177
147 178
179 73
180 4
47 181
115 182
149 183
20 184
185 12
186 20
187 20
188 132
189 20
109 190
182 191
192 72
103 193
194 12
195 82
54 20
82 196
197 37
12 198
34 199
200 183
171 201
202 165
203 119
124 204
205 165
206 4
119 207
134 208
209 87
210 119
147 0
20 211
96 212
20 163
28 213
214 134
174 59
215 204
216 173
204 217
211 218
219 46
220 106
12 221
222 155
223 147
224 107
2 225
226 165
165 227
220 228
147 229
143 230
231 138
72 81
105 232
144 233
222 234
235 20
16 236
237 127
21 238
239 38
240 12
64 241
97 242
243 171
147 244
89 145
134 245
125 246
81 107
247 206
248 12
