#qgen
239
10
2
5
3
14
4
0
10
0
11
0
10
13
11
3
11
1
10
14
0
5
3
9
15
5
8
8
12
2
11
13
0
6
9
7
5
2
5
15
12
0
9
5
6
6
6
8
15
15
11
11
7
7
1
2
6
5
13
7
7
9
8
2
9
7
12
15
3
9
9
13
11
1
0
9
4
5
5
8
14
12
9
4
9
12
11
0
0
10
13
6
0
7
2
14
10
13
14
7
9
2
9
2
3
0
12
8
14
14
6
7
10
2
12
5
13
8
5
11
15
0
15
2
10
10
5
7
4
13
2
0
7
0
0
15
8
7
11
2
7
2
9
3
13
8
3
12
7
2
12
5
9
4
13
13
3
14
15
6
15
6
15
2
15
1
8
2
10
1
10
0
10
7
13
10
5
0
12
15
9
5
8
0
3
14
4
0
5
4
7
9
8
4
15
9
3
3
12
0
3
4
11
6
14
7
5
2
6
5
6
1
4
6
7
0
14
10
9
8
8
10
13
6
4
5
14
12
3
15
13
6
15
12
2
4
15
6
8
6
256
0 1
2 1
3 1
3 4
5 2
1 6
7 1
7 8
6 9
5 10
7 11
12 4
13 1
6 14
8 7
7 15
16 1
17 7
18 16
19 2
20 2
1 21
19 22
23 9
24 4
25 5
15 26
7 27
28 4
1 29
26 30
31 1
1 32
16 33
34 1
35 25
22 36
15 37
20 38
7 39
40 38
6 41
42 26
36 2
43 32
44 25
45 42
2 46
47 20
48 42
49 20
43 50
51 48
52 7
20 53
54 7
31 55
1 56
32 57
49 58
59 1
26 60
1 61
4 62
1 63
4 64
57 65
44 66
67 35
68 26
1 69
40 70
49 71
51 72
49 73
74 43
75 26
76 44
52 77
78 69
79 32
80 8
81 53
29 82
38 43
5 83
84 55
85 4
7 86
87 21
88 84
33 16
89 72
90 86
91 26
92 79
93 5
94 21
95 48
96 72
80 97
98 52
99 24
100 55
101 31
102 101
103 7
104 88
105 78
97 106
81 107
108 7
9 6
109 43
69 110
111 72
112 57
22 59
82 113
79 114
68 115
82 116
99 117
36 118
119 80
120 18
7 121
122 90
123 51
82 124
80 48
19 49
125 7
86 126
90 127
60 59
88 128
100 129
21 130
32 131
132 92
113 133
134 52
135 101
136 25
127 137
46 138
139 96
9 140
141 133
142 42
92 143
91 144
7 145
146 131
26 147
48 36
146 148
132 149
150 99
95 151
152 42
153 124
111 154
135 155
156 80
20 157
96 86
158 41
159 49
119 160
161 143
20 162
163 7
164 105
165 57
166 161
158 167
168 163
169 9
153 170
44 171
124 172
92 173
61 174
105 175
124 176
100 159
177 105
100 178
31 100
179 26
144 180
176 173
157 181
124 182
183 82
184 176
21 185
186 121
57 63
161 187
188 99
84 189
176 190
60 22
137 191
176 192
7 193
194 134
195 192
189 196
178 197
198 143
199 95
44 200
201 63
202 19
153 203
204 173
133 205
206 184
201 207
92 208
176 209
176 210
211 1
212 51
213 173
214 30
215 180
7 216
212 217
82 218
100 219
220 193
221 100
26 222
178 223
114 161
224 174
176 225
103 226
153 227
228 110
194 229
230 191
172 231
232 219
135 233
153 132
234 137
235 108
236 130
227 237
238 78
