#qgen
127
15
8
10
15
2
12
10
4
9
1
9
12
5
5
13
4
4
5
15
14
6
3
9
5
4
2
3
1
3
13
1
1
3
15
2
4
2
10
6
4
6
5
11
10
6
11
12
1
7
4
5
9
7
11
5
0
15
8
11
6
5
0
10
8
1
2
4
3
0
11
12
10
9
2
8
5
6
10
0
11
6
8
12
12
10
12
0
3
11
2
3
13
12
2
6
14
4
15
6
14
15
8
9
4
6
2
14
8
7
5
4
15
8
6
3
3
0
0
8
15
5
11
3
10
6
2
2
128
1 0
2 1
1 3
3 4
4 5
6 0
3 7
8 3
9 3
10 3
3 11
3 12
3 13
14 3
6 15
16 3
17 0
0 18
3 19
20 3
3 21
3 22
7 23
21 24
25 3
6 26
21 27
28 26
29 2
3 30
31 23
27 32
33 31
34 3
35 3
31 36
37 3
38 5
39 13
40 0
36 41
31 42
43 5
3 44
45 10
46 3
47 21
17 48
49 3
29 50
42 51
29 5
52 51
23 53
54 3
55 3
3 56
57 54
58 3
59 3
3 60
3 20
61 2
3 62
10 63
7 64
65 0
66 34
45 67
68 27
41 69
70 42
21 71
3 72
65 73
63 74
7 75
76 28
16 77
78 29
79 3
80 3
81 67
82 3
83 61
80 84
29 85
86 71
80 87
88 56
89 88
3 90
66 91
3 92
93 3
3 94
24 95
96 4
97 68
3 98
99 67
100 27
71 101
3 102
103 31
104 59
105 85
67 106
3 107
5 108
109 3
110 7
29 111
112 98
29 113
3 114
115 94
116 78
99 117
118 88
119 41
120 103
105 121
122 3
123 110
3 124
10 125
126 21
