#qgen
103
13
4
8
1
11
5
12
4
6
12
5
15
0
10
6
0
1
1
1
1
13
15
2
4
5
11
8
15
11
4
7
13
2
5
9
8
2
9
0
2
4
8
13
4
11
3
5
9
8
15
5
12
7
13
5
0
9
11
0
11
0
10
3
11
13
14
5
14
5
12
13
5
1
11
12
14
14
6
4
1
5
8
15
13
12
0
5
9
15
11
11
5
3
4
12
14
15
14
7
0
15
9
4
256
1 0
2 0
1 3
2 4
1 5
0 6
7 0
0 8
9 0
2 10
3 11
12 5
13 6
14 0
15 5
16 8
17 2
0 18
2 19
20 10
13 15
13 21
22 21
3 23
24 15
25 19
26 3
5 27
23 28
19 15
3 29
21 30
29 9
26 31
9 32
33 29
34 31
35 21
0 16
36 1
37 0
38 13
39 23
31 40
23 22
9 11
30 17
41 40
10 42
26 33
19 42
0 43
13 44
45 19
5 24
23 0
16 13
46 17
21 11
9 47
22 0
20 45
48 1
18 40
17 42
18 49
50 15
23 15
6 51
17 30
34 20
33 11
50 43
10 52
6 53
28 22
25 50
33 48
22 54
0 55
23 20
22 3
0 48
48 56
57 33
16 6
56 58
59 3
60 33
44 13
50 18
49 43
49 50
23 61
15 17
45 15
2 45
50 40
42 62
13 38
47 9
49 15
30 54
6 63
32 55
53 58
64 42
15 65
32 66
18 23
58 16
67 6
28 68
18 69
70 4
17 71
66 32
72 3
25 63
19 20
69 21
1 33
14 43
68 18
32 73
40 34
49 74
43 45
23 30
75 33
76 3
77 49
20 2
48 73
2 6
55 47
54 40
65 69
58 6
42 20
16 22
29 30
78 39
43 0
79 1
65 80
20 19
43 65
3 6
33 0
66 9
35 30
30 3
28 74
81 2
50 82
15 34
83 82
84 31
63 85
40 35
84 48
45 54
78 48
33 55
61 80
60 32
20 25
77 50
86 63
87 80
9 30
24 88
40 49
27 12
31 48
33 44
77 42
49 19
46 89
90 50
40 91
20 68
0 80
15 30
31 26
80 54
82 35
26 92
23 82
30 32
93 12
16 21
80 18
9 3
72 0
15 91
74 49
53 23
6 94
71 40
63 22
20 50
15 13
95 9
44 48
89 96
80 97
54 24
19 68
43 50
98 17
99 5
8 38
18 71
23 25
53 78
99 12
9 55
71 18
54 65
85 63
83 40
8 16
15 19
82 65
14 54
80 35
61 40
61 68
68 87
63 21
18 45
17 100
90 49
36 101
5 86
49 65
33 66
75 40
22 9
68 19
4 68
54 20
38 58
82 28
0 5
25 82
68 77
22 11
0 15
45 65
6 102
45 43
52 0
25 34
