#qgen
89
8
6
5
7
0
15
3
8
4
0
13
2
5
10
6
2
11
13
5
7
10
6
15
3
2
1
13
9
8
0
3
7
5
14
0
4
6
1
1
7
14
0
3
13
7
1
4
0
15
3
1
15
11
10
2
13
14
3
3
11
15
2
7
0
14
3
7
14
10
0
7
4
6
4
11
2
5
8
6
15
3
4
6
14
11
5
8
9
11
256
0 1
0 2
3 2
4 2
5 2
2 6
7 5
7 8
9 7
10 9
10 11
11 12
13 12
14 11
14 15
16 12
17 11
18 12
14 19
20 16
21 12
22 16
6 23
24 11
25 14
24 26
27 21
15 28
12 29
13 30
31 16
32 14
33 7
9 21
34 12
28 35
12 14
36 5
37 12
11 38
35 39
11 26
6 40
33 41
42 37
42 43
21 44
19 45
25 46
12 46
47 13
17 7
45 48
49 16
21 28
24 50
14 51
28 15
37 7
52 28
34 53
54 28
7 28
55 45
56 38
18 30
42 32
57 7
27 20
2 58
59 14
18 21
12 28
17 53
56 13
17 9
16 31
42 60
30 46
61 50
7 43
62 51
63 5
64 2
15 59
29 26
62 26
38 29
48 65
47 30
13 25
31 34
51 13
18 15
66 26
7 51
37 47
13 48
61 9
11 59
32 13
21 67
37 28
23 68
44 42
69 45
30 70
10 31
33 39
24 13
38 7
38 46
41 11
9 47
59 38
62 24
32 33
15 29
20 7
59 26
54 69
71 16
72 11
13 11
73 32
53 38
13 16
18 19
67 73
18 72
28 47
56 12
62 44
37 9
61 35
61 30
71 65
16 25
70 41
32 44
74 28
54 46
18 59
40 75
61 76
9 69
13 42
30 50
73 19
16 77
10 43
70 16
33 48
78 16
26 32
70 15
7 79
60 39
60 34
80 5
9 73
13 47
14 25
77 56
18 41
69 62
28 38
18 16
62 14
16 53
68 75
78 47
11 29
47 17
30 32
9 53
24 73
46 48
48 37
50 61
11 41
56 47
12 67
45 55
18 11
62 37
16 9
46 13
39 21
46 44
60 14
35 28
81 5
60 27
25 57
19 26
61 25
5 82
46 38
77 42
45 17
81 36
32 60
34 25
6 83
13 43
42 30
39 25
7 34
16 44
50 18
20 12
76 11
29 59
84 5
18 55
15 24
11 53
45 30
41 54
68 83
53 76
78 15
2 85
21 54
48 43
19 34
59 60
66 45
9 14
59 37
11 47
45 47
17 77
48 33
59 47
29 48
41 14
61 17
76 32
59 29
44 38
70 48
42 71
37 15
60 53
13 9
31 29
7 22
39 54
61 16
4 86
54 30
32 54
4 87
5 88
