#qgen
109
10
10
1
0
5
4
10
1
15
12
11
5
7
2
12
7
10
10
3
2
2
13
3
7
13
6
4
8
5
4
5
5
7
15
14
2
6
13
6
12
8
2
3
11
3
15
7
2
14
4
5
2
8
1
3
1
13
5
9
13
14
5
13
8
7
7
6
14
8
14
1
15
3
15
2
11
15
5
10
14
2
9
5
2
14
12
10
5
2
6
8
0
15
10
15
3
7
7
10
14
6
5
1
0
13
11
8
8
2
256
0 1
2 1
3 1
0 4
1 5
1 6
7 1
8 1
0 9
10 1
11 1
12 1
5 1
13 1
13 14
15 0
16 7
1 17
18 1
19 1
20 8
21 3
22 6
5 23
24 15
1 25
7 16
26 1
27 24
9 21
24 28
8 9
1 24
15 29
25 11
30 14
9 0
0 31
1 32
1 33
34 13
15 35
15 36
1 37
2 14
14 38
39 1
31 23
40 16
14 15
34 0
41 1
42 29
43 13
15 25
21 44
35 15
0 45
46 44
15 47
18 13
43 39
0 21
15 43
18 48
47 13
37 1
22 49
14 50
13 51
31 52
20 0
30 0
14 30
16 1
9 14
0 53
54 13
1 55
56 29
57 49
58 1
52 50
39 52
25 59
15 34
15 60
15 7
61 15
15 49
49 57
62 52
14 63
62 50
18 36
1 7
64 12
43 65
66 43
67 47
68 1
47 21
49 69
47 1
0 52
0 20
30 15
40 0
14 70
26 71
52 38
9 47
42 72
28 52
1 73
14 59
1 74
22 26
55 29
28 63
62 0
16 75
49 24
15 27
76 13
1 49
18 61
34 52
57 52
9 77
78 15
0 5
52 79
47 9
2 11
66 52
14 9
80 36
81 52
36 77
26 9
26 52
69 82
83 0
4 52
61 0
76 14
13 76
84 25
1 48
85 62
52 28
21 23
57 16
1 86
57 87
80 27
28 24
64 24
88 15
52 89
56 0
55 15
36 55
13 54
34 70
40 20
28 29
90 13
14 91
9 63
89 29
88 72
6 55
34 49
67 1
8 77
1 92
16 57
52 93
1 28
16 14
15 61
30 52
60 94
16 21
20 46
95 16
60 0
1 96
97 64
55 75
1 78
95 14
26 21
14 60
1 90
1 8
80 98
14 37
15 84
8 75
99 97
14 100
16 34
52 34
72 24
46 96
42 75
46 0
24 52
89 50
15 17
77 75
60 14
13 43
101 15
76 63
52 73
16 102
103 86
47 63
51 13
1 80
104 1
84 55
51 15
100 1
62 82
15 101
59 25
13 24
49 36
25 29
49 40
95 1
4 14
6 14
104 55
105 62
8 13
55 14
58 40
39 43
14 106
1 100
107 96
52 72
72 0
51 108
11 41
0 40
46 21
67 30
1 87
36 87
