#qgen
50
0
0
0
1
0
0
0
1
0
0
1
1
1
1
0
0
0
0
1
0
1
0
0
1
1
1
0
1
0
0
0
1
0
1
1
0
0
0
0
1
1
0
0
1
1
0
0
0
1
0
128
0 1
2 1
3 1
4 2
5 4
1 3
6 1
3 7
8 3
3 9
10 2
5 2
11 1
3 12
13 3
3 14
1 15
1 6
1 16
3 17
1 18
2 4
19 3
20 9
3 20
14 3
4 21
22 19
1 11
23 1
21 4
9 20
24 13
2 5
21 2
13 24
3 25
3 26
3 27
1 28
19 22
12 3
3 22
27 1
3 13
16 1
17 3
3 29
2 10
24 3
4 5
3 8
1 0
25 3
28 1
3 30
15 1
1 27
3 19
3 31
2 21
1 23
18 1
20 3
9 3
31 3
3 24
27 3
13 14
7 3
29 3
14 13
22 3
30 3
1 2
26 3
32 26
26 32
33 26
26 33
34 26
26 34
26 35
35 26
26 36
36 26
37 36
36 37
36 38
26 38
38 36
38 37
37 38
38 26
39 38
38 39
40 38
38 40
38 41
41 37
41 38
37 41
37 42
42 38
38 42
42 37
42 43
43 42
44 43
42 44
44 42
43 44
45 43
43 45
46 43
46 18
43 46
18 46
18 47
47 18
9 47
47 9
47 48
48 47
48 49
49 20
20 49
49 48
