#qgen
120
1
0
1
0
0
1
0
1
1
1
0
1
0
1
0
1
1
1
0
0
1
0
0
0
0
0
0
1
1
0
0
1
1
0
1
1
1
1
0
1
0
0
0
0
0
1
1
0
0
1
0
1
0
1
1
1
1
0
1
0
1
0
1
1
1
1
1
0
0
1
1
1
1
0
1
0
1
0
0
1
1
0
0
1
0
0
1
1
1
1
1
1
1
0
1
1
0
0
1
1
0
1
0
0
1
0
0
1
0
1
1
0
1
1
1
0
0
0
0
0
128
1 0
1 2
2 3
1 4
3 2
0 1
3 5
5 6
7 5
5 8
5 9
8 10
11 8
12 5
11 13
14 13
13 15
16 13
16 17
18 11
13 19
13 20
13 21
22 13
23 16
5 24
25 14
26 21
20 27
20 28
29 12
5 30
31 26
32 20
33 8
11 18
34 19
13 35
20 36
37 16
27 38
39 28
40 36
21 41
42 36
22 43
16 44
42 20
13 45
13 46
32 47
34 48
49 27
47 50
51 11
13 52
53 50
54 34
55 53
50 38
56 18
57 13
58 40
13 59
60 50
61 48
16 62
34 63
64 61
65 47
66 52
67 38
68 20
69 49
65 70
71 11
11 72
16 73
36 74
75 18
27 74
70 76
63 77
78 58
67 79
66 80
81 64
66 82
83 34
84 63
47 85
86 53
75 87
88 18
63 89
90 63
91 78
73 92
13 93
73 94
95 48
73 96
35 97
98 64
47 99
100 27
68 101
49 87
38 102
103 15
63 104
61 66
11 105
39 106
34 107
108 92
109 20
110 108
69 111
55 112
113 78
16 108
8 114
66 115
116 34
75 117
118 35
119 17
