#qgen
252
0
1
0
1
1
0
0
0
1
0
0
1
1
0
1
1
0
0
0
0
0
1
1
0
0
1
0
1
1
1
1
1
1
1
0
1
0
0
0
1
0
1
1
0
0
0
0
0
1
1
0
0
0
1
0
1
1
0
1
0
0
0
0
0
1
1
1
0
0
1
1
0
0
0
0
0
1
0
1
1
1
1
1
1
1
1
1
0
1
1
0
0
1
0
0
0
1
1
0
1
1
0
0
0
1
0
1
0
1
0
1
0
0
1
0
0
0
0
0
0
0
1
0
0
1
1
1
0
0
0
0
1
0
0
0
0
1
1
1
0
1
0
1
1
0
0
0
1
1
1
0
1
0
0
1
1
0
1
0
1
0
0
0
0
0
1
0
1
0
1
1
0
0
1
0
1
0
1
1
1
1
0
0
1
0
1
1
1
1
1
1
0
0
0
0
0
0
1
0
0
1
0
0
0
0
1
1
1
1
0
0
1
0
1
1
1
1
0
0
0
0
1
0
0
1
0
1
1
0
0
0
1
1
1
0
1
0
1
1
1
0
0
1
0
0
1
1
0
0
0
1
0
256
0 1
0 2
3 2
4 2
4 5
0 6
1 7
8 5
2 9
10 9
11 2
7 12
6 13
14 2
15 9
16 2
5 17
18 4
19 18
20 18
18 21
22 13
18 23
24 9
25 18
26 5
27 16
28 18
29 18
14 30
7 31
11 27
18 32
21 33
6 34
18 35
24 36
10 37
32 38
39 36
9 40
41 5
42 18
43 18
44 11
7 45
46 18
18 47
16 48
49 18
15 50
51 32
52 50
38 53
52 54
55 47
56 50
18 57
36 58
59 38
60 37
50 61
62 61
63 16
64 36
65 7
66 36
67 29
18 68
69 28
29 70
71 22
72 36
73 2
74 70
75 61
13 76
77 39
16 78
79 19
18 80
29 81
82 15
16 83
18 84
85 13
6 86
48 16
87 37
60 88
89 76
18 90
91 39
77 92
93 36
18 94
5 95
14 96
68 97
98 18
99 57
100 18
101 70
18 102
103 18
104 69
105 5
106 36
107 18
18 108
86 109
51 110
111 63
5 112
69 113
114 97
18 115
116 72
117 10
118 69
119 48
2 120
116 121
6 122
113 123
124 39
125 18
120 126
62 127
6 128
129 18
130 18
22 131
132 7
50 133
67 134
97 135
55 120
136 6
18 137
81 138
139 120
77 140
141 36
142 126
39 143
144 21
145 13
18 146
38 147
148 103
149 76
150 39
151 99
92 152
153 34
154 18
148 155
156 24
116 157
156 158
70 159
1 160
32 161
82 162
62 163
149 164
55 165
166 158
167 156
72 168
100 169
145 170
171 18
172 7
133 173
97 174
40 175
176 155
137 177
178 117
179 113
64 180
16 181
182 63
18 183
60 184
185 101
186 13
120 187
60 188
11 37
29 189
190 61
191 53
192 158
193 166
194 34
36 195
196 161
192 18
158 197
198 86
199 10
10 200
100 201
172 202
203 139
204 187
205 150
81 206
120 207
208 69
196 209
210 150
185 211
10 212
18 213
214 87
18 215
216 173
195 217
22 218
7 219
220 50
113 221
198 222
223 18
180 224
225 18
2 226
227 226
228 217
112 229
230 11
231 5
18 232
233 209
166 234
235 232
236 149
237 27
144 238
239 10
18 240
241 59
210 242
243 18
244 88
245 70
55 246
39 247
248 50
103 249
250 51
251 132
