#qgen
54
10
10
5
2
7
6
8
4
12
5
2
1
8
1
15
7
7
12
3
13
13
3
14
15
3
2
8
6
15
1
1
13
6
2
6
3
9
5
13
13
5
4
7
3
4
14
15
2
12
14
10
15
12
10
128
0 1
1 2
3 1
0 4
5 1
1 5
6 1
1 7
0 8
2 1
9 1
10 2
4 11
12 4
11 10
0 2
4 2
13 0
1 3
1 14
7 2
15 1
2 16
2 7
17 12
1 18
19 2
20 1
19 21
19 4
19 22
4 17
23 0
15 24
6 25
12 26
0 27
0 28
1 6
22 0
10 12
16 29
26 15
1 30
7 1
31 10
32 1
33 19
29 16
17 8
0 34
1 21
35 25
31 8
36 12
17 31
16 37
0 38
39 37
29 12
8 26
38 26
0 10
12 36
16 40
8 21
41 1
42 17
43 8
43 6
23 26
0 22
0 21
8 17
1 25
4 12
0 43
7 44
19 0
19 45
46 26
1 47
48 26
44 21
16 25
9 19
9 49
2 4
10 31
9 50
26 51
38 44
42 7
26 35
11 17
4 0
4 10
21 43
21 44
25 52
1 53
26 12
45 25
1 44
0 11
0 16
19 9
0 26
31 7
16 33
19 34
11 2
26 19
16 43
28 0
7 10
1 45
12 29
36 16
16 50
0 42
50 9
15 45
8 40
17 4
42 0
10 26
17 29
