#qgen
56
0
2
1
3
0
3
3
0
3
0
3
1
3
3
0
2
3
0
0
1
2
0
1
2
1
2
0
0
2
1
3
0
1
2
2
0
3
0
1
1
2
2
1
3
3
0
0
2
3
3
3
2
2
3
2
0
128
0 1
0 2
3 2
4 2
5 2
2 6
7 5
5 8
9 7
10 7
11 9
9 12
13 10
7 9
14 10
15 6
16 5
17 6
18 7
11 19
20 5
10 9
2 21
5 22
23 6
24 18
16 25
7 19
5 26
13 5
7 18
26 5
23 2
21 2
5 27
28 16
5 29
2 23
5 30
31 4
28 32
4 33
2 34
25 35
28 27
33 36
9 24
7 11
10 19
36 4
5 28
37 2
31 38
25 5
39 7
9 11
5 16
40 5
2 41
15 36
24 19
24 11
2 4
32 28
23 41
6 15
31 16
42 2
36 6
2 42
5 20
6 31
23 4
27 5
5 40
43 2
30 5
25 44
23 15
36 45
2 46
45 36
2 47
2 48
14 5
18 10
39 10
15 23
30 31
41 15
5 14
16 27
5 13
29 5
10 14
2 49
20 48
5 50
41 2
4 23
5 44
51 7
19 11
9 18
44 25
28 44
36 15
52 2
18 19
5 32
2 52
53 22
4 6
54 2
36 23
18 9
25 16
50 5
55 2
11 18
41 45
53 5
17 4
15 4
53 16
45 23
5 7
6 33
