#qgen
119
1
0
3
2
2
0
2
1
1
2
1
3
2
1
3
1
1
0
0
1
0
0
1
1
2
0
2
0
2
0
0
0
3
0
0
1
3
3
3
3
3
3
0
1
3
3
0
2
0
1
3
3
0
1
0
1
3
3
3
2
0
1
0
3
0
3
3
0
1
0
3
0
0
3
3
0
1
2
0
0
1
1
3
1
3
0
1
1
3
3
2
3
2
3
0
2
0
3
2
1
1
3
2
3
3
1
2
1
0
3
2
3
1
3
2
1
0
1
0
128
0 1
1 2
1 3
4 1
1 0
5 0
6 1
1 7
8 0
9 8
9 10
6 11
7 12
10 13
14 1
9 15
0 8
8 16
1 17
18 9
8 19
18 20
21 10
22 9
7 23
24 11
3 5
25 7
5 26
27 23
20 28
29 12
30 11
11 6
31 8
26 32
33 9
34 26
2 1
35 10
22 36
29 37
38 22
31 39
22 40
29 41
42 10
23 43
5 1
11 44
7 45
12 29
10 46
31 47
39 48
49 20
11 50
51 46
52 31
22 53
54 50
55 21
56 53
57 20
29 58
59 9
8 60
61 50
62 55
63 9
9 33
64 32
65 58
51 66
23 67
68 36
69 29
70 50
71 7
36 72
73 69
74 10
58 75
76 18
69 77
78 53
55 79
65 11
80 50
81 24
52 82
37 83
84 55
50 85
67 86
87 9
88 58
89 75
90 77
53 91
84 92
93 89
94 1
95 79
96 69
40 97
98 40
10 99
97 100
101 52
69 102
103 100
104 72
50 105
23 106
107 55
108 103
100 109
77 110
111 67
46 10
20 112
101 113
93 114
115 80
116 77
101 117
118 39
