#qgen
243
3
0
2
3
2
0
2
0
1
1
1
0
1
1
1
0
0
1
3
2
2
3
1
1
0
2
3
1
3
1
1
1
3
3
2
0
2
2
2
0
2
1
3
2
2
3
0
1
3
0
1
1
3
3
1
0
3
0
3
2
1
0
2
0
1
2
0
3
0
3
0
2
1
2
0
1
2
2
0
3
2
0
0
0
2
0
0
3
3
2
3
1
0
2
2
2
0
3
2
2
3
0
1
0
2
2
2
0
3
1
0
3
0
2
3
3
0
0
0
3
1
3
3
2
2
2
2
0
3
0
3
1
0
1
2
0
1
2
3
0
0
0
1
0
0
3
3
0
2
1
3
3
0
0
3
3
2
3
0
1
3
1
2
1
0
3
0
2
0
1
2
3
2
3
0
3
2
3
0
0
3
0
1
2
0
0
1
3
0
1
3
1
3
1
3
1
1
1
1
2
0
0
2
2
2
2
0
1
1
2
0
1
1
1
0
2
1
3
2
1
3
2
1
0
1
0
1
3
2
3
1
0
0
0
2
3
1
0
2
3
0
2
0
256
1 0
2 1
1 3
3 4
4 5
6 0
3 7
8 3
9 3
10 3
3 11
3 12
3 13
14 3
6 15
16 3
17 0
0 18
3 19
20 3
3 21
3 22
7 23
21 24
25 3
6 26
21 27
28 26
29 2
3 30
31 23
27 32
33 31
34 3
35 3
31 36
37 3
38 5
39 13
40 0
36 41
31 42
43 5
3 44
45 10
46 3
47 21
17 48
49 3
29 50
42 51
29 5
52 51
23 53
54 3
55 3
3 56
57 54
58 3
59 3
3 60
3 20
61 2
3 62
10 63
7 64
65 0
66 34
45 67
68 27
41 69
70 42
21 71
3 72
65 73
63 74
7 75
76 28
16 77
78 29
79 3
80 3
81 67
82 3
83 61
80 84
29 85
86 71
80 87
88 56
89 88
3 90
66 91
3 92
93 3
3 94
24 95
96 4
97 68
3 98
99 67
100 27
71 101
3 102
103 31
104 59
105 85
67 106
3 107
5 108
109 3
110 7
29 111
112 98
29 113
3 114
115 94
116 78
99 117
118 88
119 41
120 103
105 121
122 3
123 110
3 124
10 125
126 21
127 18
128 116
129 29
130 120
23 52
3 131
132 124
133 80
134 80
135 115
29 136
91 137
135 138
49 139
140 120
141 40
29 71
17 142
47 143
144 3
127 142
24 21
145 124
76 40
3 146
147 112
148 59
149 135
118 150
84 151
152 17
150 153
154 67
155 69
156 128
105 157
71 158
159 124
40 160
161 3
101 162
82 119
122 163
164 97
165 146
95 166
167 149
26 15
124 168
169 32
32 97
170 112
171 71
14 172
163 173
174 80
175 150
176 63
177 71
117 178
179 165
105 180
113 181
182 67
3 183
82 184
3 185
186 85
47 187
52 188
109 189
180 162
152 190
191 56
85 192
193 129
170 194
70 195
196 165
197 123
198 121
7 199
58 200
201 3
202 41
203 49
204 110
14 205
124 206
199 207
155 208
118 209
117 210
76 141
197 211
212 122
183 213
208 214
215 5
23 216
217 56
218 140
3 219
17 220
217 221
222 109
182 223
224 194
225 193
150 226
182 117
227 108
177 228
229 186
122 230
3 73
231 7
232 10
23 233
162 234
235 4
236 212
237 66
238 145
69 239
240 51
51 241
242 31
