#qgen
232
4
2
2
3
0
6
3
1
2
0
4
4
5
6
7
4
5
5
6
3
2
7
0
5
3
6
5
7
7
5
1
7
5
4
7
5
3
7
1
0
5
7
1
5
7
1
6
2
1
0
7
5
0
4
7
1
4
5
1
7
7
2
2
7
6
4
0
4
4
6
5
0
2
7
6
5
1
0
5
6
7
5
3
5
4
7
2
1
1
2
7
4
7
3
2
0
1
1
4
7
2
0
7
3
5
7
5
0
2
6
6
7
7
1
2
5
0
6
3
6
7
6
5
5
1
0
1
1
7
3
5
0
6
7
1
7
6
7
3
1
5
6
3
5
6
1
6
7
0
3
0
3
1
7
0
1
0
2
0
3
5
0
1
4
6
1
5
4
2
5
4
3
6
0
0
4
7
1
7
7
6
4
2
7
2
3
6
1
2
7
7
5
5
6
3
4
5
0
7
6
2
5
7
5
7
0
2
7
0
1
5
6
5
0
2
1
4
2
0
5
5
5
2
4
0
3
5
6
6
3
4
7
256
0 1
1 2
1 3
1 0
4 3
4 5
6 4
7 5
6 8
9 4
6 10
5 11
10 12
13 4
14 13
1 15
16 5
15 17
4 18
19 5
6 20
15 21
22 18
23 5
24 17
25 19
26 18
17 27
4 28
29 26
30 5
25 31
13 32
18 33
34 24
12 35
36 26
6 37
38 32
24 39
24 40
28 41
41 42
20 43
44 38
43 45
46 21
13 47
48 42
49 24
24 50
51 10
52 49
13 53
54 19
55 34
56 49
57 53
6 58
52 59
45 60
61 16
39 62
1 63
40 64
24 65
66 17
67 24
31 68
9 69
61 70
66 71
52 72
73 62
28 74
75 44
76 62
61 77
61 78
55 79
19 80
17 81
66 82
83 18
27 67
12 84
66 85
17 86
5 87
88 72
4 89
90 72
90 91
92 61
75 93
94 61
90 95
93 96
88 97
39 85
6 98
76 99
71 34
100 76
101 64
70 102
37 103
43 104
45 105
7 106
107 10
108 65
24 108
90 109
81 92
50 110
98 111
55 112
66 113
114 103
115 37
67 116
117 82
118 37
119 26
120 62
104 121
122 19
61 92
123 93
124 62
66 125
126 71
127 99
37 128
96 20
129 61
130 75
131 70
132 112
133 82
134 77
62 135
112 136
60 137
138 26
139 34
140 45
92 141
115 142
143 38
144 132
145 52
146 138
147 34
123 81
148 71
19 149
150 99
139 151
152 132
153 26
71 154
71 155
156 147
112 157
89 158
65 85
125 40
159 13
160 38
161 132
99 108
162 102
132 99
4 163
129 164
165 134
151 52
166 73
102 167
168 91
169 65
170 161
85 171
172 98
84 173
174 162
154 117
28 175
176 148
95 177
52 178
55 179
180 173
181 40
182 176
92 183
108 147
184 40
185 101
144 186
14 187
188 34
189 81
124 125
190 34
191 43
192 92
90 168
193 123
24 125
194 5
4 195
17 196
197 98
114 198
199 107
200 89
201 49
132 202
203 66
152 204
205 193
124 206
147 203
38 207
121 208
54 144
209 148
160 210
211 164
114 212
174 213
209 214
208 215
106 125
72 34
216 41
1 217
218 127
173 219
26 220
132 221
176 222
38 223
224 34
225 88
226 147
128 227
139 228
125 82
209 229
177 95
76 230
231 121
