#qgen
127
7
0
2
7
2
4
2
4
1
1
1
4
5
5
5
4
4
5
7
6
6
3
1
5
4
2
3
1
3
5
1
1
3
7
2
4
2
2
6
4
6
5
3
2
6
3
4
1
7
4
5
1
7
3
5
0
7
0
3
6
5
0
2
0
1
2
4
3
0
3
4
2
1
2
0
5
6
2
0
3
6
0
4
4
2
4
0
3
3
2
3
5
4
2
6
6
4
7
6
6
7
0
1
4
6
2
6
0
7
5
4
7
0
6
3
3
0
0
0
7
5
3
3
2
6
2
2
128
1 0
2 1
1 3
3 4
4 5
6 0
3 7
8 3
9 3
10 3
3 11
3 12
3 13
14 3
6 15
16 3
17 0
0 18
3 19
20 3
3 21
3 22
7 23
21 24
25 3
6 26
21 27
28 26
29 2
3 30
31 23
27 32
33 31
34 3
35 3
31 36
37 3
38 5
39 13
40 0
36 41
31 42
43 5
3 44
45 10
46 3
47 21
17 48
49 3
29 50
42 51
29 5
52 51
23 53
54 3
55 3
3 56
57 54
58 3
59 3
3 60
3 20
61 2
3 62
10 63
7 64
65 0
66 34
45 67
68 27
41 69
70 42
21 71
3 72
65 73
63 74
7 75
76 28
16 77
78 29
79 3
80 3
81 67
82 3
83 61
80 84
29 85
86 71
80 87
88 56
89 88
3 90
66 91
3 92
93 3
3 94
24 95
96 4
97 68
3 98
99 67
100 27
71 101
3 102
103 31
104 59
105 85
67 106
3 107
5 108
109 3
110 7
29 111
112 98
29 113
3 114
115 94
116 78
99 117
118 88
119 41
120 103
105 121
122 3
123 110
3 124
10 125
126 21
