#qgen
128
1
1
1
0
1
0
1
1
0
0
1
0
0
0
0
0
1
1
1
0
1
0
1
0
0
0
0
1
0
1
0
1
0
0
0
0
1
1
1
0
1
1
0
0
1
0
1
1
1
1
0
1
1
1
0
1
1
0
0
0
1
0
1
0
0
1
1
1
0
0
1
0
0
0
0
0
0
1
0
0
1
1
1
0
1
0
0
1
0
0
0
0
1
0
1
0
1
1
1
0
0
1
0
1
0
1
0
1
0
1
0
0
0
0
1
1
0
1
0
0
0
0
1
1
1
0
1
0
128
1 0
1 2
0 3
0 4
5 3
3 6
7 6
8 3
4 9
10 4
4 11
11 12
11 13
14 3
15 11
5 16
17 11
14 18
19 11
5 20
16 21
22 19
15 23
24 14
23 25
26 4
27 11
14 28
6 29
30 3
23 31
32 26
33 20
29 34
35 29
36 5
4 37
38 30
16 39
19 40
41 9
35 42
11 43
0 44
3 45
45 46
11 47
32 48
35 49
48 50
49 51
52 31
48 53
54 44
19 55
56 48
57 54
54 58
29 59
11 60
3 61
62 11
62 63
64 47
65 2
66 52
56 67
68 6
69 43
70 25
47 71
58 72
14 73
74 70
63 75
19 76
77 70
10 78
79 77
51 80
81 4
77 82
18 83
84 77
85 58
86 54
70 87
57 88
50 89
16 90
91 77
53 92
93 38
94 81
29 95
96 44
97 63
98 11
54 99
100 28
51 101
17 102
103 11
104 79
29 12
105 104
4 106
5 107
12 108
109 3
84 110
23 111
107 112
106 113
114 12
115 82
116 73
117 104
43 118
119 14
120 11
24 121
122 93
72 123
4 124
3 125
126 124
127 94
