#qgen
123
0
0
1
1
0
0
0
0
0
1
0
0
1
1
1
1
1
0
0
0
1
1
1
1
1
0
0
0
0
1
1
0
0
1
1
1
0
1
1
0
0
1
1
0
0
0
0
1
1
1
1
1
1
1
0
0
1
1
1
1
1
0
0
1
1
0
1
1
1
1
1
1
1
0
1
0
1
1
0
0
0
1
0
1
0
1
0
0
0
1
0
0
1
0
0
0
1
0
1
1
0
1
0
1
0
0
0
0
0
0
1
0
0
0
1
1
0
1
1
1
0
1
0
128
0 1
2 1
3 1
3 4
5 2
1 6
7 1
7 8
6 9
5 10
7 11
12 4
13 1
6 14
8 7
7 15
16 1
17 7
18 16
19 2
20 2
1 21
19 22
23 9
24 4
25 5
15 26
7 27
28 4
1 29
26 30
31 1
1 32
16 33
34 1
35 25
22 36
15 37
20 38
7 39
40 38
6 41
42 26
36 2
43 32
44 25
45 42
2 46
47 20
48 42
49 20
43 50
51 48
52 7
20 53
54 7
31 55
1 56
32 57
49 58
59 1
26 60
1 61
4 62
1 63
4 64
57 65
44 66
67 35
68 26
1 69
40 70
49 71
51 72
49 73
74 43
75 26
76 44
52 77
78 69
79 32
80 8
81 53
29 82
38 43
5 83
84 55
85 4
7 86
87 21
88 84
33 16
89 72
90 86
91 26
92 79
93 5
94 21
95 48
96 72
80 97
98 52
99 24
100 55
101 31
102 101
103 7
104 88
105 78
97 106
81 107
108 7
9 6
109 43
69 110
111 72
112 57
22 59
82 113
79 114
68 115
82 116
99 117
36 118
119 80
120 18
7 121
122 90
