#qgen
43
11
3
15
5
4
10
3
10
14
6
4
9
13
13
13
7
5
0
4
7
8
5
7
11
6
10
12
6
12
7
14
1
1
10
14
12
1
4
7
0
12
15
3
128
1 0
1 2
1 3
1 4
5 1
1 6
7 1
1 8
9 1
10 1
1 11
1 12
13 1
1 13
14 1
15 1
9 16
1 9
17 1
1 10
18 14
1 15
1 19
1 20
4 1
1 21
2 1
9 14
9 5
1 22
14 23
1 24
25 1
0 14
12 1
1 17
1 5
18 23
16 1
14 18
3 1
1 26
23 18
0 1
1 14
5 18
11 1
1 27
14 0
26 1
1 28
14 9
8 1
24 1
1 25
29 1
18 1
19 1
1 18
21 1
18 5
1 30
27 1
1 16
1 7
19 5
28 1
30 1
5 19
1 31
20 1
1 23
23 1
6 1
22 1
16 9
1 29
31 1
5 9
23 14
32 23
5 32
9 32
23 32
32 9
14 32
32 5
32 14
33 32
32 33
34 32
34 5
5 34
32 34
34 35
35 34
35 32
32 35
35 9
9 35
9 36
36 9
37 36
36 37
36 38
38 18
38 36
18 38
18 39
39 18
39 40
40 35
40 5
5 40
40 39
35 40
41 35
41 5
5 41
35 41
42 35
42 21
9 42
5 42
21 42
35 42
42 9
42 5
