#qgen
72
1
5
10
10
5
8
13
9
13
14
4
3
1
4
12
15
7
12
15
10
10
4
3
2
11
15
4
12
4
7
0
15
8
4
15
4
10
14
13
11
3
4
8
2
10
6
11
3
11
14
6
5
7
15
11
14
2
1
1
14
2
12
6
7
3
8
7
9
1
8
4
8
256
1 0
2 1
2 3
4 2
5 2
1 6
7 1
8 2
2 9
2 10
11 2
2 5
1 12
2 13
5 14
3 2
1 15
5 16
17 16
18 1
19 1
20 0
14 21
9 2
22 1
2 11
23 2
2 24
25 1
0 1
18 26
1 27
0 28
24 2
29 0
16 30
31 5
2 17
32 2
33 1
0 34
14 1
21 15
1 19
35 16
5 31
36 18
1 37
38 2
18 36
39 2
16 27
40 21
41 1
2 32
16 1
5 19
0 40
16 4
42 20
40 0
43 2
0 42
1 14
0 44
1 7
45 24
15 16
4 6
46 2
0 21
4 16
47 16
42 16
16 17
19 5
2 4
6 14
16 35
36 42
48 2
6 1
42 11
2 49
50 2
1 25
9 13
51 0
1 18
2 50
52 42
37 1
49 18
52 53
2 47
20 42
36 0
15 1
54 2
11 42
30 16
26 2
45 1
55 2
2 48
0 20
1 53
56 16
16 6
35 42
45 6
1 41
28 0
2 54
56 2
17 2
57 2
27 1
21 14
14 5
47 2
14 6
21 40
2 58
16 5
1 45
21 0
16 42
2 59
6 16
2 55
1 22
1 31
15 21
16 56
2 56
13 9
21 32
1 52
52 1
16 45
42 35
2 46
51 20
1 2
43 40
2 57
16 47
42 0
52 45
2 39
60 2
13 2
34 0
48 37
12 1
35 1
0 61
37 48
16 15
30 2
2 38
57 21
18 49
42 36
2 60
1 16
62 2
53 1
2 43
20 51
42 52
44 0
61 0
6 45
2 8
0 51
53 52
0 29
1 33
40 43
2 26
45 16
59 2
2 30
6 4
26 18
10 2
49 2
63 2
31 1
2 62
24 45
0 36
45 52
21 57
58 2
1 35
2 23
32 21
27 16
2 63
64 2
2 64
2 65
65 2
65 66
35 66
66 11
6 66
66 65
22 66
18 66
12 66
66 53
66 4
66 44
66 3
7 66
44 66
11 66
53 66
66 50
66 35
4 66
3 66
66 6
66 18
66 12
66 22
66 7
50 66
50 67
67 25
54 67
67 50
25 67
67 54
67 68
10 68
68 67
68 10
18 68
68 18
18 69
68 69
69 68
69 18
69 16
16 69
16 70
70 16
71 70
5 71
70 71
71 21
