#qgen
38
1
5
7
1
6
15
10
7
15
8
4
15
10
13
12
9
14
4
4
4
7
3
15
15
10
12
4
12
15
10
5
3
14
1
9
4
13
9
128
1 0
2 1
3 1
4 2
5 1
6 0
1 7
7 4
8 1
7 1
2 9
1 10
9 0
4 1
7 11
5 12
1 13
13 7
13 14
1 15
1 16
0 17
7 9
2 4
1 18
1 8
10 1
1 19
20 0
0 21
12 9
22 0
0 9
23 1
0 12
9 7
6 9
14 1
2 8
1 24
0 22
1 25
19 7
26 0
11 26
13 4
14 13
27 0
15 1
9 12
16 1
7 19
26 14
1 28
1 2
1 3
4 13
0 27
4 7
19 9
0 20
24 1
0 29
21 0
0 26
30 0
21 26
30 6
9 2
19 1
0 30
8 2
25 7
11 7
7 13
11 1
13 1
12 5
7 25
26 21
1 11
1 14
6 30
1 31
28 1
29 0
9 6
17 0
12 0
1 4
0 6
1 5
14 26
0 1
31 1
1 23
18 1
9 19
25 1
26 11
26 32
7 32
32 7
32 26
33 32
32 33
30 33
33 30
34 30
33 34
34 33
30 34
35 30
30 35
30 36
34 36
36 26
36 21
26 36
21 36
36 34
36 30
36 37
37 21
21 37
37 7
7 37
37 36
