#qgen
65
5
4
0
6
2
3
2
2
1
7
2
6
5
4
2
3
2
5
2
6
3
3
1
0
2
6
1
1
4
6
0
7
0
0
5
7
3
5
0
4
5
0
7
6
7
4
6
5
4
3
0
2
0
2
2
6
2
7
7
7
6
1
1
7
3
64
0 1
0 2
3 2
4 2
2 5
6 5
4 7
8 7
0 9
7 10
11 0
8 12
13 12
12 14
11 15
16 9
17 12
18 12
19 13
15 20
12 21
21 22
23 12
24 7
20 25
20 26
27 6
20 28
20 29
20 30
20 31
32 20
20 33
34 16
20 35
36 35
37 16
38 4
39 22
20 40
20 41
36 42
12 43
20 44
45 20
46 20
36 47
20 48
20 49
22 50
14 51
37 52
21 53
54 38
55 51
12 56
57 20
58 4
48 59
12 60
24 61
20 62
55 63
64 12
